v -0.143395 -0.177746 -0.204359
v 2.27543e-05 -0.222183 -0.204359
v 2.27543e-05 -0.177746 -0.253788
v -0.222381 2.15904e-05 -0.204359
v -0.177745 -0.143475 -0.204359
v -0.177745 2.15904e-05 -0.253896
v -0.0765579 -0.0888623 -0.293243
v 2.27543e-05 -0.116663 -0.293243
v 2.27543e-05 -0.0888623 -0.303414
v -0.116759 2.15904e-05 -0.293243
v -0.0888611 -0.0765844 -0.293243
v -0.0888611 2.15904e-05 -0.303435
v 2.27543e-05 2.15904e-05 -0.317475
v -0.177745 -0.0888623 -0.236122
v -0.0888611 -0.177746 -0.236028
v -0.0888611 -0.0888623 -0.289491
v -0.222929 -0.177746 -0.0265911
v -0.177745 -0.222858 -0.0265911
v -0.177745 -0.177746 -0.168805
v 2.27543e-05 -0.282416 -0.0265911
v -0.282879 2.15904e-05 -0.0265911
v 0.14344 -0.177746 -0.204359
v 0.0764916 -0.0888623 -0.293243
v 0.0889066 -0.0765844 -0.293243
v 0.0889066 2.15904e-05 -0.303435
v 0.116715 2.15904e-05 -0.293243
v 0.0889066 -0.177746 -0.236028
v 0.0889066 -0.0888623 -0.289491
v 0.177791 -0.143475 -0.204359
v 0.177791 -0.0888623 -0.236122
v 0.177791 2.15904e-05 -0.25385
v 0.222051 2.15904e-05 -0.204359
v 0.177791 -0.222858 -0.0265911
v 0.177791 -0.177746 -0.168805
v 0.222677 -0.177746 -0.0265911
v 0.282925 2.15904e-05 -0.0265911
v -0.177745 0.143518 -0.204359
v -0.0888611 0.0765169 -0.293243
v -0.0765582 0.0889055 -0.293243
v 2.27543e-05 0.0889055 -0.303414
v 2.27543e-05 0.116617 -0.293243
v -0.177745 0.0889055 -0.236122
v -0.0888611 0.0889055 -0.289491
v -0.143395 0.177789 -0.204359
v -0.0888611 0.177789 -0.236028
v 2.27543e-05 0.177789 -0.253742
v 2.27543e-05 0.221853 -0.204359
v -0.222929 0.177789 -0.0265911
v -0.177745 0.177789 -0.168805
v -0.177745 0.222602 -0.0265911
v 2.27543e-05 0.282459 -0.0265911
v 0.0764916 0.0889055 -0.293243
v 0.0889066 0.0765169 -0.293243
v 0.0889066 0.0889055 -0.289491
v 0.177791 0.0889055 -0.236122
v 0.0889066 0.177789 -0.236028
v 0.143402 0.177789 -0.204359
v 0.177791 0.14348 -0.204359
v 0.177791 0.177789 -0.169359
v 0.222671 0.177789 -0.0265911
v 0.177791 0.222597 -0.0265911
v -0.205955 -0.177746 0.0622928
v -0.177745 -0.205917 0.0622928
v -0.177745 -0.177746 0.112051
v -0.0970746 -0.26663 -0.0265911
v -0.0888611 -0.269348 -0.0265911
v -0.0888611 -0.26663 0.0123657
v -0.0417513 -0.26663 0.0622928
v 2.27543e-05 -0.269498 0.0622928
v -0.0888611 -0.25542 0.0622928
v 2.27543e-05 -0.26663 0.0711178
v -0.141137 -0.177746 0.151177
v -0.0888611 -0.208699 0.151177
v 2.27543e-05 -0.226536 0.151177
v -0.269666 -0.0888623 -0.0265911
v -0.266629 -0.0979134 -0.0265911
v -0.266629 -0.0888623 0.0145458
v -0.255698 -0.0888623 0.0622928
v -0.269941 2.15904e-05 0.0622928
v -0.266629 -0.0444588 0.0622928
v -0.208879 -0.0888623 0.151177
v -0.177745 -0.141224 0.151177
v -0.266629 2.15904e-05 0.0723605
v -0.226804 2.15904e-05 0.151177
v -0.0888611 -0.177746 0.184694
v 2.27543e-05 -0.177746 0.204486
v -0.177745 -0.0888623 0.184776
v -0.177745 2.15904e-05 0.204575
v -0.0888611 -0.0888623 0.236455
v -0.0759128 -0.0888623 0.240061
v 2.27543e-05 -0.114978 0.240061
v -0.114965 2.15904e-05 0.240061
v -0.0888611 -0.0759063 0.240061
v 2.27543e-05 -0.0888623 0.248243
v -0.0888611 2.15904e-05 0.24824
v 2.27543e-05 2.15904e-05 0.258448
v 0.0407646 -0.26663 0.0622928
v 0.0889066 -0.269348 -0.0265911
v 0.0889066 -0.26663 0.0123657
v 0.0972108 -0.26663 -0.0265911
v 0.0889066 -0.25542 0.0622928
v 0.177791 -0.205916 0.0622928
v 0.0889066 -0.208699 0.151177
v 0.141386 -0.177746 0.151177
v 0.177791 -0.177746 0.112051
v 0.205728 -0.177746 0.0622928
v 0.177791 -0.141224 0.151177
v 0.255728 -0.0888623 0.0622928
v 0.266674 -0.0979134 -0.0265911
v 0.266674 -0.0888623 0.0145461
v 0.269715 -0.0888623 -0.0265911
v 0.266674 -0.0444588 0.0622928
v 0.269989 2.15904e-05 0.0622928
v 0.208542 -0.0888623 0.151177
v 0.226926 2.15904e-05 0.151177
v 0.266674 2.15904e-05 0.0723602
v 0.0889066 -0.177746 0.184694
v 0.0758323 -0.0888623 0.240061
v 0.0889066 -0.0888623 0.236455
v 0.177791 -0.0888623 0.184776
v 0.0889066 -0.0759063 0.240061
v 0.115226 2.15904e-05 0.240061
v 0.177791 2.15904e-05 0.204575
v 0.0889066 2.15904e-05 0.24824
v -0.269666 0.0889055 -0.0265911
v -0.266629 0.043561 0.0622928
v -0.266629 0.0889055 0.0145461
v -0.255698 0.0889055 0.0622928
v -0.266629 0.0980558 -0.0265911
v -0.205955 0.177789 0.0622928
v -0.208879 0.0889055 0.151177
v -0.177745 0.141472 0.151177
v -0.177745 0.177789 0.112051
v -0.141137 0.177789 0.151177
v -0.177745 0.205685 0.0622928
v -0.0970746 0.266673 -0.0265911
v -0.0888611 0.255448 0.0622928
v -0.0888611 0.266673 0.0123657
v -0.0417513 0.266673 0.0622928
v -0.0888611 0.269394 -0.0265911
v 2.27543e-05 0.269543 0.0622928
v -0.0888611 0.208361 0.151177
v 2.27543e-05 0.226656 0.151177
v 2.27543e-05 0.266673 0.0711178
v -0.177745 0.0889055 0.184776
v -0.0888611 0.0758232 0.240061
v -0.0888611 0.0889055 0.236455
v -0.0759128 0.0889055 0.240061
v -0.0888611 0.177789 0.184694
v 2.27543e-05 0.115235 0.240061
v 2.27543e-05 0.177789 0.204486
v 2.27543e-05 0.0889055 0.248243
v 0.141523 0.177789 0.151177
v 0.177791 0.141609 0.151177
v 0.177791 0.177789 0.112099
v 0.255728 0.0889055 0.0622928
v 0.266674 0.0435608 0.0622928
v 0.266674 0.0889055 0.0145458
v 0.269715 0.0889055 -0.0265911
v 0.205728 0.177789 0.0622928
v 0.266674 0.0980555 -0.0265911
v 0.208542 0.0889055 0.151177
v 0.0407646 0.266673 0.0622928
v 0.0889066 0.255448 0.0622928
v 0.0889066 0.266673 0.0123657
v 0.0972108 0.266673 -0.0265911
v 0.177791 0.205685 0.0622928
v 0.0889066 0.269394 -0.0265911
v 0.0889066 0.208361 0.151177
v 0.0758323 0.0889055 0.240061
v 0.0889066 0.0758232 0.240061
v 0.0889066 0.0889055 0.236455
v 0.177791 0.0889055 0.184776
v 0.0889066 0.177789 0.184694
f 15 13 10
f 14 15 6
f 1 19 65
f 15 4 13
f 8 6 12
f 25 30 29
f 6 8 7
f 8 22 7
f 8 12 22
f 128 124 126
f 5 13 3
f 21 27 28
f 21 26 27
f 0 14 1
f 74 20 3
f 10 9 11
f 11 12 10
f 12 6 10
f 14 2 1
f 52 12 51
f 24 12 52
f 19 97 98
f 14 7 2
f 4 3 13
f 6 15 10
f 15 0 4
f 15 14 0
f 10 13 9
f 9 13 5
f 16 18 17
f 14 6 7
f 105 107 113
f 67 69 66
f 79 78 20
f 76 79 20
f 36 42 41
f 71 62 72
f 75 4 18
f 33 34 32
f 16 75 18
f 4 0 18
f 61 62 63
f 4 74 3
f 74 4 75
f 0 65 64
f 1 65 0
f 117 95 93
f 39 12 38
f 12 37 38
f 29 31 28
f 29 30 31
f 11 37 12
f 144 87 145
f 30 23 24
f 22 23 27
f 22 12 23
f 22 27 26
f 102 85 73
f 26 21 1
f 109 111 107
f 12 24 23
f 110 28 31
f 108 28 110
f 37 11 9
f 64 17 18
f 2 26 1
f 2 7 26
f 22 26 7
f 39 40 51
f 25 23 30
f 29 23 25
f 31 30 54
f 21 28 33
f 98 32 101
f 107 111 113
f 28 27 29
f 29 27 23
f 98 96 19
f 93 90 117
f 36 48 43
f 12 39 51
f 109 34 108
f 44 43 46
f 53 57 54
f 47 49 48
f 39 38 40
f 41 42 37
f 42 38 37
f 40 38 44
f 0 64 18
f 137 134 136
f 44 46 45
f 41 5 3
f 41 3 36
f 125 78 82
f 125 127 126
f 78 125 20
f 41 37 9
f 9 5 41
f 144 145 146
f 53 54 52
f 45 55 40
f 43 42 36
f 40 55 51
f 51 55 53
f 43 44 42
f 42 44 38
f 46 56 55
f 40 44 45
f 154 153 159
f 53 52 51
f 24 52 30
f 53 55 56
f 46 55 45
f 59 58 60
f 105 106 104
f 73 85 72
f 56 58 57
f 31 54 57
f 46 167 56
f 165 60 58
f 57 53 56
f 77 79 76
f 165 164 60
f 56 167 165
f 168 162 142
f 140 143 162
f 31 158 35
f 65 19 66
f 19 96 68
f 165 58 56
f 122 114 172
f 67 66 19
f 125 126 20
f 72 69 67
f 77 76 61
f 63 81 61
f 80 77 61
f 74 76 20
f 62 61 16
f 17 62 16
f 69 62 66
f 61 81 80
f 68 96 70
f 72 62 69
f 71 63 62
f 97 99 98
f 99 32 98
f 66 62 17
f 17 64 66
f 65 66 64
f 92 87 86
f 68 67 19
f 103 101 104
f 81 84 86
f 81 71 84
f 100 101 102
f 97 19 1
f 85 102 116
f 104 101 105
f 67 68 70
f 125 82 83
f 124 20 126
f 71 81 63
f 84 71 72
f 93 95 89
f 79 77 80
f 103 104 106
f 100 102 96
f 86 80 81
f 70 73 67
f 67 73 72
f 75 76 74
f 162 143 142
f 85 89 84
f 16 76 75
f 61 76 16
f 89 92 88
f 94 91 92
f 83 79 80
f 139 135 137
f 101 103 102
f 130 125 83
f 48 128 47
f 33 28 108
f 89 88 84
f 127 129 126
f 49 129 134
f 49 47 129
f 78 79 82
f 32 34 101
f 109 110 35
f 117 90 85
f 110 31 35
f 99 21 33
f 139 137 50
f 83 86 87
f 99 33 32
f 100 96 98
f 106 105 113
f 102 73 96
f 82 79 83
f 83 80 86
f 101 100 98
f 108 34 33
f 156 115 112
f 72 85 84
f 129 47 126
f 21 99 97
f 88 86 84
f 20 124 3
f 89 85 90
f 92 91 87
f 88 92 86
f 137 136 138
f 164 50 162
f 34 105 101
f 1 21 97
f 90 93 89
f 70 96 73
f 92 95 94
f 95 92 89
f 111 115 114
f 102 103 116
f 113 119 106
f 106 119 103
f 116 117 85
f 57 58 160
f 144 131 130
f 122 121 120
f 119 122 120
f 134 141 136
f 109 107 105
f 113 111 114
f 105 34 109
f 108 110 109
f 109 35 111
f 112 111 35
f 135 48 49
f 120 95 117
f 115 111 112
f 31 57 158
f 117 116 118
f 158 160 157
f 134 133 141
f 133 134 132
f 136 141 138
f 154 166 152
f 163 166 164
f 120 118 119
f 118 120 117
f 114 119 113
f 49 137 135
f 119 118 116
f 119 116 103
f 36 3 124
f 142 141 148
f 134 129 132
f 114 122 119
f 57 160 158
f 142 138 141
f 143 138 142
f 123 95 120
f 121 123 120
f 150 149 169
f 126 47 128
f 128 48 36
f 124 128 36
f 145 147 146
f 159 155 157
f 130 83 87
f 127 130 129
f 127 125 130
f 145 87 91
f 50 138 140
f 50 137 138
f 137 49 134
f 131 129 130
f 142 148 150
f 169 151 95
f 91 94 145
f 132 129 131
f 43 48 135
f 131 133 132
f 122 170 121
f 172 170 122
f 145 95 147
f 94 95 145
f 43 139 46
f 139 50 46
f 139 43 135
f 155 156 157
f 60 166 59
f 168 142 173
f 163 162 168
f 152 168 173
f 59 166 159
f 46 50 167
f 140 162 50
f 143 140 138
f 121 170 123
f 112 35 156
f 163 164 162
f 148 133 131
f 144 148 131
f 130 87 144
f 123 170 95
f 144 146 148
f 150 148 147
f 147 148 146
f 170 169 95
f 141 133 148
f 169 149 151
f 147 149 150
f 157 156 35
f 59 160 58
f 165 167 164
f 154 152 153
f 95 151 147
f 151 149 147
f 172 114 161
f 159 166 154
f 166 60 164
f 156 114 115
f 173 153 152
f 59 159 157
f 169 171 173
f 173 171 172
f 173 172 153
f 168 166 163
f 158 157 35
f 160 59 157
f 155 159 161
f 161 159 153
f 155 161 156
f 114 156 161
f 169 170 171
f 152 166 168
f 164 167 50
f 161 153 172
f 173 142 150
f 169 173 150
f 171 170 172
